0
0
0
0
0
0
0
0
0
0
0
0.1
0.1
0.2
0.3
0.4
0.5
0.9
1.1
1.2
1.2
1.2
1.3
1.4
1.5
1.8
1.8
1.9
2
2.1
2.1
2.1
2.3
2.6
2.6
2.8
3.4
3.7
3.7
3.9
4
4.1
4.4
4.5
4.5
4.9
4.9
5.5
5.9
6.3
6.5
6.8
6.8
7.3
7.3
7.3
7.3
7.3
7.3
7.3
7.8
7.8
7.9
8.5
8.8
9.3
9.3
9.4
9.7
9.7
10
10.1
10.1
10.3
10.4
10.6
10.8
10.8
11
11.1
11.2
11.5
11.8
11.9
12
12.1
12.2
12.2
12.6
12.7
12.7
12.7
12.7
14
14.3
14.5
14.5
14.5
14.5
14.5
14.8
15.2
15.7
16.5
17
17.2
17.4
17.6
17.8
18.1
18.4
18.7
18.9
19.1
19.2
19.1
19.3
19.4
19.4
19.4
19.5
19.4
19.6
19.6
19.9
20.1
20.2
20.3
20.4
20.7
20.7
20.8
20.8
21.2
21.3
21.3
21.7
21.8
21.8
21.8
22.4
22.4
22.5
22.6
23.5
23.9
24
24.2
24.2
24.7
24.7
24.7
25.2
25.5
25.6
25.7
26.1
26.4
26.6
26.6
26.8
27.2
27.5
27.8
28.1
28.2
28.3
28.7
28.4
28.6
28.6
28.9
29.3
29.3
29.5
29.9
30.2
30.4
30.4
30.7
30.7
31.1
31.1
31.1
31.4
31.5
31.6
31.6
31.8
32.2
32.3
32.4
32.9
33.1
33.2
33.6
33.8
34.5
34.5
34.7
34.7
34.9
35
35
35.1
35.1
36.1
36.1
36.3
36.4
36.7
37.1
37.2
37.3
37.6
37.8
38
38.5
38.5
38.5
38.7
38.7
38.7
38.7
38.8
38.8
38.8
38.9
38.9
39.1
39.2
39.4
39.5
39.5
39.7
39.8
39.8
39.9
39.9
39.9
40
40.4
40.7
40.9
41
41.5
41.8
41.9
42.1
42.2
42.2
42.4
42.6
43
43.3
43.3
43.3
43.3
43.4
43.7
43.7
43.7
43.9
44.2
44.4
44.4
44.4
44.5
45.1
45.5
46
46.3
46.6
46.6
46.7
46.9
46.9
47
47.5
47.6
47.6
47.9
48
48
48
48.2
48.5
48.7
48.8
49.6
49.6
49.8
50.5
50.5
50.5
50.5
50.8
51
51.2
51.5
